0.000000000000000000e+00
8.421642767055253099e-04
1.149813874671316892e-03
1.393807832400035347e-03
1.692512809311318665e-03
1.870805944733576649e-03
1.990715258569879156e-03
2.187765751681463103e-03
2.323226248825937569e-03
2.436406265808268527e-03
2.565266751969145879e-03
2.688274460302340560e-03
2.800484094665667018e-03
2.885714861575564526e-03
2.979033437402331657e-03
3.088360968514646150e-03
3.170173594712902276e-03
3.242600108608093869e-03
3.332115182630627712e-03
3.414636764646432083e-03
3.484490444502897841e-03
3.557008914491779569e-03
3.630820550758318607e-03
3.709285318141793825e-03
3.782163688836072228e-03
3.846266712708198109e-03
3.917675578309791351e-03
3.984707394251578959e-03
4.043924676166924491e-03
4.115127399471798196e-03
4.179035984520354345e-03
4.238412882017135973e-03
4.305982763851610301e-03
4.366791466215796079e-03
4.424773842983517093e-03
4.489174622368103523e-03
4.547456939716230245e-03
4.610227099618527564e-03
4.667829081495685276e-03
4.728212184760041334e-03
4.788068021347041681e-03
4.846046351572926708e-03
4.903921708142307267e-03
4.952968529727357766e-03
5.007437480609102862e-03
5.057141426229043620e-03
5.113091968106479694e-03
5.167193529444661336e-03
5.219109111762613475e-03
5.269098489726895158e-03
5.326302085222500704e-03
5.381108075732492224e-03
5.434408587611161932e-03
5.489124588227375402e-03
5.542856973796681831e-03
5.593398764712278169e-03
5.644650802620897884e-03
5.698778864645408053e-03
5.749229728328175346e-03
5.801246931153462849e-03
5.847996091809624410e-03
5.908035874725404805e-03
5.957733002546317103e-03
6.005833741421955432e-03
6.056347018942748531e-03
6.104999781813783694e-03
6.154432261999338502e-03
6.200574763762910051e-03
6.244592269766701363e-03
6.292814621620230857e-03
6.340115628148285457e-03
6.390599880267994193e-03
6.437711051497405773e-03
6.478114652145801865e-03
6.531300408692540180e-03
6.579590033590576245e-03
6.620517597345583830e-03
6.666350763470540834e-03
6.713210920448625142e-03
6.762506292109579306e-03
6.809992162248337984e-03
6.852136702390687270e-03
6.900625342378400445e-03
6.944150269028161356e-03
6.988374018346440140e-03
7.033345362376391789e-03
7.081200878002737523e-03
7.122361972239582041e-03
7.166454753275357942e-03
7.213111184580218646e-03
7.255998525381567726e-03
7.297063924123350226e-03
7.343043951451675745e-03
7.387771283217756980e-03
7.431425731977008703e-03
7.479612770815093244e-03
7.523803934392666454e-03
7.569571469151059780e-03
7.616339158055857213e-03
7.668252511738951963e-03
7.715049501055080972e-03
7.761546331445747827e-03
7.812203231641416321e-03
7.867850962695458958e-03
7.909982075552886294e-03
7.954767270489873296e-03
8.003267362123700490e-03
8.046906544542931083e-03
8.086505132713662017e-03
8.132615344753402198e-03
8.176435780379957829e-03
8.220049081811703351e-03
8.263946818817181905e-03
8.308124314515068567e-03
8.349431767241016419e-03
8.391870303703901496e-03
8.440433093915114190e-03
8.486966813948127950e-03
8.530655101485403249e-03
8.577352884512829193e-03
8.624714365708927022e-03
8.671361100961567925e-03
8.718186363454602517e-03
8.764809162795516792e-03
8.802514607800314417e-03
8.844461529320002402e-03
8.893169400864599575e-03
8.936951876786513455e-03
8.980602187691614710e-03
9.024411724714780786e-03
9.070982700603582097e-03
9.112990319325274188e-03
9.152767630202625349e-03
9.197090850033926707e-03
9.239498603535080054e-03
9.281213332806376171e-03
9.326663691739076403e-03
9.365079412649765164e-03
9.402650410667892297e-03
9.442983255550143826e-03
9.481395914890821189e-03
9.524515983932212507e-03
9.567217133309699473e-03
9.608636910655728169e-03
9.653144136962778579e-03
9.695682467892834458e-03
9.737616814383558139e-03
9.782516429240231681e-03
9.828937197464903200e-03
9.867505462626775803e-03
9.909532804463728681e-03
9.948219810423254011e-03
9.992522146322185481e-03
1.003386923879415714e-02
1.008405501539788238e-02
1.012627826490613420e-02
1.016916406842071664e-02
1.021011437656695053e-02
1.024815314718645516e-02
1.028985371912012094e-02
1.033702518281012436e-02
1.037541586253027011e-02
1.041987483000768842e-02
1.046311518888840345e-02
1.050252670065123829e-02
1.053954016643911251e-02
1.057711327601657328e-02
1.062125021359015993e-02
1.066528720875961622e-02
1.070308791918158503e-02
1.074287341700413435e-02
1.078836206314269866e-02
1.083305805229393091e-02
1.087147060799564455e-02
1.091209712724825615e-02
1.095375031216416599e-02
1.100098908862725058e-02
1.104263566049015072e-02
1.107973420589499283e-02
1.112032999769750445e-02
1.116464682946969114e-02
1.120781127170698138e-02
1.124762507928043880e-02
1.128378349677092510e-02
1.132855750417021898e-02
1.137531326016250587e-02
1.141402466898656411e-02
1.145409895549776361e-02
1.149008372660455420e-02
1.153114229686087733e-02
1.157298488854146927e-02
1.160999373339834800e-02
1.165025763122615014e-02
1.169619806913314158e-02
1.173724185118031095e-02
1.177715595795472518e-02
1.181571975071876897e-02
1.185625877979509801e-02
1.189661515790433645e-02
1.193553623899780251e-02
1.197670914875729326e-02
1.201817865555824226e-02
1.205439568069549376e-02
1.209167380669528766e-02
1.213050898825247803e-02
1.216892661409417140e-02
1.220689535454568160e-02
1.225028046401185379e-02
1.228915803053125949e-02
1.232554165952231759e-02
1.236805445654289709e-02
1.240345410953062021e-02
1.244610653487540977e-02
1.248603605472996432e-02
1.252470488515851355e-02
1.256463181600026013e-02
1.260758459805394298e-02
1.265064437560253427e-02
1.269290170910158250e-02
1.272798224092779561e-02
1.276655529896103883e-02
1.281313450344792604e-02
1.284877464251301012e-02
1.289065260230761248e-02
1.293846736512855450e-02
1.298091359254894932e-02
1.302289511163210942e-02
1.306234135894973267e-02
1.310840005652557858e-02
1.314855878539113697e-02
1.318158641003161317e-02
1.322079432486851676e-02
1.326695835470530736e-02
1.330768412874422726e-02
1.334930873630086647e-02
1.339458767639562994e-02
1.344878453948841410e-02
1.350123505231986230e-02
1.354222243427219245e-02
1.358023228661269996e-02
1.362343630869853293e-02
1.366871073888585586e-02
1.370951593844365116e-02
1.375090372667878841e-02
1.379615270926039944e-02
1.384397866515710979e-02
1.388776425291995964e-02
1.392715056760945869e-02
1.396953314454522227e-02
1.402084363619953908e-02
1.407287008248556300e-02
1.412253537402784892e-02
1.416870795358677465e-02
1.421042986842202885e-02
1.425375998362180333e-02
1.430363301871356158e-02
1.434969731539194847e-02
1.438734415568749224e-02
1.442833715343122547e-02
1.447554340445566558e-02
1.451836784536928750e-02
1.455933002812909681e-02
1.459955712120498961e-02
1.464100740128539135e-02
1.468203829303831899e-02
1.472568744086244670e-02
1.477066079134128039e-02
1.480774731904168674e-02
1.484446200316164553e-02
1.488645961816092815e-02
1.492600998069200727e-02
1.496881585009748709e-02
1.501285703420944181e-02
1.506094504026868341e-02
1.510808640961595027e-02
1.514708189552429508e-02
1.519055802799960074e-02
1.524167842742330317e-02
1.528640672500398631e-02
1.532493889416340453e-02
1.536672381808681757e-02
1.540740442118387725e-02
1.544902840951844700e-02
1.548977279795720439e-02
1.552893595389910272e-02
1.557103942655809793e-02
1.561580779257614078e-02
1.565743379899559029e-02
1.569885673811969098e-02
1.574514221138119049e-02
1.578907622068244018e-02
1.583471756116463722e-02
1.587300653669761891e-02
1.591563983110414263e-02
1.596088915217544479e-02
1.600058332634099467e-02
1.604129352204590811e-02
1.608312388990072034e-02
1.612691087623194935e-02
1.616663180084065843e-02
1.620985094968733359e-02
1.625362624275070514e-02
1.629343742217544827e-02
1.633143421664894762e-02
1.637408459268346883e-02
1.641937728338667066e-02
1.646265319950907316e-02
1.650548839209325241e-02
1.655086623569560281e-02
1.659864531670319013e-02
1.664582327396607261e-02
1.668840469766107518e-02
1.673278487407489634e-02
1.677766690108706271e-02
1.681548931134163594e-02
1.684869184971141479e-02
1.689151164132181304e-02
1.693477560532872378e-02
1.697044243592535015e-02
1.700702644870230595e-02
1.704929517333776678e-02
1.709359929195622060e-02
1.714062494359833849e-02
1.718391781723081074e-02
1.722353219644085984e-02
1.725984856452564969e-02
1.730209573248584626e-02
1.734841936300236462e-02
1.738631479969212495e-02
1.742711355055968220e-02
1.746961890148508376e-02
1.751427267812927582e-02
1.755459214451450534e-02
1.759354565012845317e-02
1.763284724711990797e-02
1.767311061615309958e-02
1.771674266380563606e-02
1.775611830985317913e-02
1.779637150381871077e-02
1.783830269509745214e-02
1.787939172684359368e-02
1.792318086746177985e-02
1.796306542767616213e-02
1.799930101503134997e-02
1.803740272186302868e-02
1.807532563676477605e-02
1.811726674635154646e-02
1.815695647726799089e-02
1.820308635156324406e-02
1.824326057138184187e-02
1.828502788683970814e-02
1.833141694994391835e-02
1.837364810305150420e-02
1.841172715459492987e-02
1.845436613834561951e-02
1.850118643789724557e-02
1.854783838386282746e-02
1.858594497956263247e-02
1.862974006239505320e-02
1.867646439097705308e-02
1.872706261739594605e-02
1.877512640121162257e-02
1.882370251369298864e-02
1.886820594422934302e-02
1.891331901224990036e-02
1.895853436483841553e-02
1.900637895159168478e-02
1.904636243176907953e-02
1.908894735347600388e-02
1.912907869806911715e-02
1.916850530298596506e-02
1.921207402960091112e-02
1.926416890123136549e-02
1.932522323541840947e-02
1.937487037196305301e-02
1.942022555658701188e-02
1.946932857754291729e-02
1.951867096615602162e-02
1.956269506752362358e-02
1.960403040320118917e-02
1.964646376395762922e-02
1.969138452908145848e-02
1.973803396616467115e-02
1.978317476463994917e-02
1.983674795018031123e-02
1.989329972308702399e-02
1.995008284103640811e-02
2.000168578823665125e-02
2.004994261558730104e-02
2.010347785923338043e-02
2.015187531999287560e-02
2.019564885020455267e-02
2.023747412998875769e-02
2.027786097039935287e-02
2.032407528017734014e-02
2.037126783992599180e-02
2.042429769083745419e-02
2.047302384159851996e-02
2.052273816305455120e-02
2.057386773383085635e-02
2.062500438624580157e-02
2.067818257532893708e-02
2.072900655771216238e-02
2.077741110405853520e-02
2.082178822086826891e-02
2.086956905260358569e-02
2.091522785213367763e-02
2.096011256252220886e-02
2.100433604423590853e-02
2.105736375278630113e-02
2.110687987984133027e-02
2.115377949048249245e-02
2.119893919445724542e-02
2.124140569559435782e-02
2.127574693594969438e-02
2.131979683419898963e-02
2.136436517679895369e-02
2.140551025621545075e-02
2.144871725507201468e-02
2.149924689039265160e-02
2.154570583755118299e-02
2.159335768808445105e-02
2.163661074770637308e-02
2.167542808968344822e-02
2.171346008951367812e-02
2.175644094108748414e-02
2.180322125484646795e-02
2.184266511601336280e-02
2.187740481048153218e-02
2.191890903955916528e-02
2.196102563034969812e-02
2.200711072287956163e-02
2.206037949071450177e-02
2.211463802845480345e-02
2.216902573968410062e-02
2.222482348365187321e-02
2.227518444874821910e-02
2.232450306666928022e-02
2.238115894560427713e-02
2.243247597019857112e-02
2.248699375210359494e-02
2.254184145483181453e-02
2.259766768028797015e-02
2.265039005209027248e-02
2.269883189740527427e-02
2.274349852453727214e-02
2.279707352058369871e-02
2.284960360916666461e-02
2.290587120097354115e-02
2.296226887540124897e-02
2.300952830514873051e-02
2.305734288642154184e-02
2.310545828315386033e-02
2.315384542675142168e-02
2.321003424851333583e-02
2.326865809634792379e-02
2.331744026767586589e-02
2.336642334143887445e-02
2.342208176825175472e-02
2.348676165230963175e-02
2.354726247080540097e-02
2.360766436865720935e-02
2.366445844359411563e-02
2.371989282187604922e-02
2.378579598563784064e-02
2.385221554862233112e-02
2.391963959145079754e-02
2.398106014956260038e-02
2.404450930887223198e-02
2.409980886754710047e-02
2.416495914358496658e-02
2.423579459111010331e-02
2.430885650883074858e-02
2.437794207405135499e-02
2.444733217265832037e-02
2.451615928587404930e-02
2.457394837417377353e-02
2.463405927115307897e-02
2.470290035279501875e-02
2.477542620150030919e-02
2.484257560049040608e-02
2.491150760373176190e-02
2.498308693549523493e-02
2.505986600970248196e-02
2.513523487704152209e-02
2.521594647696998037e-02
2.529794081529003827e-02
2.537983961330841573e-02
2.546330603277499258e-02
2.554273433769414445e-02
2.562816249361439536e-02
2.570433497827748909e-02
2.577867782764156276e-02
2.585748417745643499e-02
2.594265447037914091e-02
2.603369262564586908e-02
2.611730721207881564e-02
2.619459491152265063e-02
2.627249852055616938e-02
2.635094297836899566e-02
2.642670983298475371e-02
