0.000000000000000000e+00
6.092330076987004413e-04
9.150156655291474513e-04
1.168074167727338377e-03
1.442952851074274590e-03
1.644605270270046949e-03
1.800204738973214562e-03
1.962800384458984835e-03
2.117130955603056374e-03
2.239388466812967330e-03
2.358283094492426984e-03
2.471126254388491313e-03
2.587387526156992128e-03
2.693182543526484798e-03
2.783665655806777644e-03
2.884603389913577027e-03
2.984800727290380391e-03
3.073119590938878151e-03
3.163161906125906784e-03
3.252362920672393753e-03
3.344130385756613130e-03
3.429258600192039864e-03
3.503613404223998064e-03
3.587021455679985631e-03
3.660376451825364790e-03
3.741481568575700037e-03
3.818038757501765468e-03
3.885520466425491058e-03
3.960750490675017839e-03
4.034448671270046000e-03
4.099464935329249528e-03
4.168376482547092240e-03
4.234116904045961798e-03
4.297209474456411410e-03
4.365489220502049954e-03
4.426570363077536249e-03
4.492539510373430404e-03
4.559307667002604481e-03
4.631402279670500041e-03
4.696273132394106903e-03
4.756466704933724234e-03
4.822353579412567114e-03
4.890167285223835821e-03
4.952493348577501585e-03
5.002989622567463948e-03
5.060955195616242616e-03
5.121888061304928803e-03
5.177174902633757334e-03
5.232406346343823622e-03
5.288758900542172257e-03
5.349931891911395045e-03
5.408787676240196622e-03
5.460201650262231678e-03
5.518259086311538830e-03
5.575382018790540559e-03
5.625443289480364963e-03
5.675158294578411602e-03
5.735245038014155118e-03
5.788583235893466142e-03
5.841497407528958678e-03
5.891390809025546897e-03
5.943236113236369245e-03
5.995428446069732062e-03
6.044530477879939828e-03
6.093941041902085388e-03
6.145073536989335838e-03
6.196037043641345471e-03
6.244907866048596615e-03
6.298382657074911781e-03
6.351171851409920938e-03
6.403590411446853821e-03
6.457459734524243107e-03
6.508892247414406300e-03
6.558092019909691692e-03
6.607456112800332709e-03
6.662829070379106509e-03
6.716416843259053956e-03
6.760572370876913664e-03
6.809425008891586278e-03
6.856585150966871059e-03
6.905720823365096329e-03
6.952314098316465449e-03
7.001770921164570012e-03
7.047385982865794589e-03
7.095954758688356734e-03
7.143242102378462646e-03
7.185861956250954273e-03
7.234832497042256380e-03
7.281719592018611083e-03
7.326826712241892893e-03
7.375780274303956469e-03
7.420386264258974247e-03
7.470299846583184321e-03
7.519073047153121067e-03
7.569523296231762087e-03
7.613457153122668748e-03
7.659991454677658046e-03
7.709443191745161267e-03
7.753765516012989419e-03
7.793134224942392142e-03
7.842447487175026669e-03
7.887432812471574170e-03
7.929110539503210833e-03
7.976134051511691789e-03
8.019501090088853104e-03
8.067605691457948452e-03
8.112853561663848842e-03
8.157086647833277498e-03
8.197659241083369783e-03
8.245582290977956572e-03
8.297052520611740423e-03
8.337133545284732342e-03
8.381377614901706560e-03
8.434775192186072870e-03
8.482964418187988534e-03
8.528736260099541167e-03
8.572610982255632339e-03
8.619699102437327481e-03
8.666212595090932655e-03
8.707436270480902255e-03
8.747696169018841575e-03
8.791435908243517075e-03
8.832930088263786159e-03
8.876865836712067095e-03
8.921350557565266293e-03
8.965384131195890810e-03
9.006586294218743571e-03
9.049451966000536529e-03
9.092925806204557940e-03
9.139803614279009766e-03
9.186757922482132604e-03
9.229411495783748989e-03
9.275569898442538250e-03
9.326431093871666994e-03
9.372901465482391670e-03
9.412777745919217662e-03
9.460162424320640515e-03
9.509569109246072960e-03
9.560302169991473711e-03
9.607313050167758106e-03
9.646528619286200146e-03
9.691055861785006706e-03
9.744626519500362155e-03
9.792291647042917352e-03
9.829689093035063122e-03
9.874850957793467054e-03
9.926763461177297646e-03
9.970145743416512080e-03
1.000668665796074219e-02
1.004977880862157474e-02
1.009663712085016006e-02
1.014115374457694695e-02
1.017938592253245927e-02
1.022196308206827810e-02
1.026734521977034145e-02
1.031163852945386587e-02
1.035356548685056714e-02
1.039598293775120287e-02
1.044267697216821889e-02
1.048655549931368919e-02
1.053201575275264541e-02
1.057006359790986505e-02
1.060973999291636889e-02
1.065361749034983603e-02
1.069684310681638835e-02
1.073834534498506986e-02
1.078410890338560128e-02
1.082351393623546751e-02
1.086106735563149329e-02
1.090415374722246249e-02
1.095430678176978999e-02
1.100218191967881204e-02
1.104103172746217013e-02
1.108929142728974290e-02
1.113433942185521400e-02
1.117826193766756869e-02
1.121767579937805494e-02
1.125948529974288639e-02
1.130379183852949637e-02
1.134181801193529480e-02
1.138113316298998250e-02
1.142536535579314130e-02
1.147412770015690357e-02
1.151809021484395505e-02
1.155975299404333329e-02
1.159954424790580335e-02
1.164644759695680418e-02
1.169209355871033904e-02
1.173718093310692490e-02
1.178769498058663233e-02
1.183515108493636558e-02
1.188888631076604092e-02
1.193031002778341572e-02
1.197026550433201095e-02
1.201185601357270850e-02
1.205213193744226856e-02
1.209234118003503153e-02
1.213258417247119192e-02
1.217547298922975509e-02
1.221381482073688809e-02
1.225208107308529623e-02
1.229382939622649523e-02
1.233006405438554290e-02
1.236992470301565873e-02
1.240828134665683709e-02
1.244816070973914918e-02
1.248729033500608696e-02
1.252536746139757025e-02
1.256452091961284857e-02
1.260096012010317700e-02
1.264209763711901524e-02
1.268143679147891618e-02
1.271909254513485868e-02
1.276256662868777148e-02
1.280494615199851555e-02
1.284221479806227362e-02
1.288000916140013760e-02
1.292594806776765741e-02
1.296481202386458829e-02
1.300633678385167309e-02
1.304829769328939154e-02
1.309551226898127141e-02
1.313719413562970846e-02
1.317968275089877010e-02
1.322194229576715077e-02
1.326750443187525372e-02
1.330632877966220727e-02
1.334331242491853912e-02
1.338207425979107482e-02
1.342874163605792259e-02
1.347634003530792483e-02
1.352467649936786934e-02
1.356264795017926919e-02
1.360109968569473901e-02
1.363971747916218474e-02
1.368022622008994126e-02
1.372387649023665453e-02
1.376502289753756512e-02
1.380107307038492062e-02
1.383563011192991306e-02
1.387941919049395095e-02
1.392571264494490632e-02
1.396450855306297263e-02
1.400205404253899132e-02
1.404688351045118785e-02
1.408794136846362385e-02
1.412643302550087646e-02
1.416765225152783955e-02
1.421503359434555559e-02
1.425251653357755867e-02
1.429438237860869085e-02
1.433355776647113854e-02
1.437027686818459493e-02
1.440267195323476773e-02
1.444542262848657818e-02
1.448758319740700573e-02
1.453171122013227623e-02
1.457312393657421434e-02
1.461816854154016423e-02
1.466012663994762516e-02
1.469768734335620899e-02
1.473658205125851113e-02
1.477787204544572450e-02
1.481792378480479774e-02
1.486163328723292404e-02
1.490362895676651533e-02
1.494513129076216994e-02
1.498129413734953889e-02
1.501897271345043437e-02
1.505689532751458733e-02
1.510005974001162911e-02
1.513998442379305837e-02
1.517341183851795249e-02
1.520882009509065894e-02
1.525026246446325139e-02
1.529099507177348466e-02
1.532971410317347447e-02
1.536668573103671526e-02
1.540913426190356969e-02
1.545619067722450203e-02
1.549752056373133319e-02
1.553510727013989248e-02
1.557895947074428022e-02
1.562392948418805244e-02
1.566320631380459585e-02
1.570489761297979778e-02
1.574947403190657055e-02
1.579099269533228850e-02
1.583447751150263844e-02
1.587527851747710245e-02
1.591263292196634302e-02
1.595739145821224725e-02
1.599624223279906207e-02
1.603360783587797628e-02
1.607282251480073379e-02
1.611332993248088333e-02
1.615206174303813330e-02
1.619430571056300339e-02
1.623074119417873204e-02
1.626935838718188837e-02
1.630692549317497644e-02
1.635123075809801971e-02
1.639187809167680365e-02
1.643134126279265431e-02
1.647651025364791494e-02
1.652355427459089796e-02
1.656732166741948717e-02
1.660910335809875904e-02
1.665496138759907027e-02
1.669588315127207984e-02
1.673454244031716623e-02
1.677712748423433944e-02
1.682361362199565058e-02
1.687201182870253294e-02
1.691126275721774319e-02
1.694920273255201906e-02
1.699686598186704936e-02
1.704268809002344731e-02
1.708050842178063938e-02
1.712155164918253980e-02
1.716647164291081051e-02
1.721116956765516778e-02
1.725214450425323343e-02
1.730484030246122809e-02
1.736315692745215092e-02
1.740976583002161807e-02
1.745658127222811731e-02
1.751175007224742980e-02
1.754987332398163027e-02
1.759180969231729022e-02
1.763627147735649658e-02
1.767970367032196954e-02
1.772212432004624527e-02
1.776548127470018931e-02
1.780983845602405677e-02
1.785339834330136946e-02
1.789595449508869437e-02
1.794020166995884472e-02
1.798491392087345209e-02
1.802556379611282289e-02
1.806567620844651278e-02
1.810618656172125959e-02
1.815152846670976816e-02
1.820441951596003458e-02
1.825348757529463364e-02
1.829742441546969994e-02
1.834233230598323813e-02
1.838320370767816334e-02
1.842568834531763122e-02
1.846529927834532347e-02
1.850416067892177510e-02
1.854483322134580989e-02
1.858925886310827669e-02
1.863343826853229579e-02
1.867025415648930833e-02
1.871973820643521927e-02
1.876899519646592351e-02
1.881499771790212314e-02
1.886057728260530711e-02
1.889536746213098251e-02
1.893490679736336765e-02
1.898411811742075836e-02
1.903000967504383037e-02
1.907314336708375996e-02
1.911206587573167567e-02
1.915109917250177110e-02
1.919529418039347610e-02
1.924121633218857721e-02
1.928426977161185052e-02
1.932703139103928228e-02
1.937526462297088636e-02
1.942046519750904171e-02
1.946087798063860994e-02
1.950088605644539549e-02
1.954432616443114307e-02
1.959426335027002891e-02
1.964063628437786452e-02
1.968304594598488388e-02
1.972542019829865226e-02
1.976848742322953253e-02
1.981520025706836469e-02
1.985688384253278538e-02
1.989498292348655314e-02
1.993547913214895051e-02
1.998328592834497375e-02
2.003137978333356314e-02
2.007752223335289993e-02
2.011823163779028617e-02
2.016594127020382432e-02
2.022171944454611431e-02
2.028026923973528725e-02
2.033295007919285954e-02
2.037637913775032505e-02
2.041946695237655332e-02
2.046410081055571525e-02
2.051068335788040070e-02
2.055361569865933255e-02
2.059740895849119374e-02
2.064070527015131329e-02
2.067861258319011672e-02
2.072252981450923778e-02
2.078662887789884187e-02
2.084754277859508093e-02
2.089378964376459660e-02
2.093461748093217514e-02
2.097662294735504890e-02
2.102089470120744458e-02
2.106536060104824415e-02
2.111501441668459100e-02
2.115913073515014037e-02
2.120231116933819770e-02
2.124682932641877228e-02
2.129202733325875896e-02
2.133968425332524385e-02
2.138060124495829578e-02
2.142805681398098419e-02
2.147037256905508923e-02
2.151315046447401999e-02
2.155563910332579727e-02
2.160023215994135229e-02
2.164995081243834690e-02
2.170671488026468601e-02
2.175994296362730035e-02
2.181577765085064569e-02
2.187819819561301685e-02
2.193314249893981230e-02
2.198908087108242260e-02
2.203217502328449692e-02
2.207168761973821516e-02
2.211410629931587213e-02
2.216762492544628593e-02
2.221224204497847243e-02
2.225033840661463577e-02
2.229737540444689733e-02
2.234912673195809871e-02
2.239132463575390503e-02
2.243663981370293617e-02
2.248195612893000989e-02
2.252592794753922184e-02
2.256843902836621132e-02
2.260785326972922227e-02
2.265024333728142547e-02
2.269296451711810131e-02
2.273850881521667297e-02
2.278695916300544147e-02
2.282982050399361834e-02
2.287447635474223681e-02
2.291865530685458299e-02
2.296309082990452555e-02
2.300859442284824974e-02
2.305589349800198432e-02
2.310727805360031709e-02
2.315483498283957275e-02
2.320013421828096695e-02
2.324633573688458799e-02
2.330201786189959115e-02
2.335024767030856319e-02
2.339579978553456632e-02
2.344996795216250027e-02
2.349522391737112956e-02
2.354444413650928422e-02
2.359618423970890472e-02
2.364418429718910877e-02
2.369406896111468652e-02
2.374888003410557599e-02
2.379589952100230263e-02
2.384798913610604310e-02
2.389702242022825884e-02
2.394564309906125482e-02
2.400437757801777983e-02
2.405362239286950102e-02
2.409613957675027160e-02
2.414811884370559811e-02
2.420366978543472478e-02
2.425473001986424085e-02
2.429731725315623439e-02
2.434375457944462293e-02
2.440670245916292183e-02
2.446279197217841178e-02
2.451785402926362489e-02
2.456815232161981347e-02
2.462372423453589032e-02
2.468437933825501709e-02
2.475342581182351717e-02
2.482884851101240659e-02
2.491583355670302230e-02
2.499797756170143992e-02
2.506141783267983383e-02
2.510966564342806753e-02
2.515240642779357008e-02
2.519006299682360894e-02
2.523686264270579710e-02
2.528828341238111010e-02
2.534110706199071278e-02
2.541260970319046686e-02
2.549613722498836332e-02
2.557667349933416198e-02
2.566539389525355694e-02
2.575306921438944366e-02
2.584189349052752604e-02
2.592389256565455491e-02
